# GIMP colorrc
# 
# This file holds a list of recently used colors.

(color-history
    (color-rgba 0 0.34509803921568627 0.71764705882352942 1)
    (color-rgba 1 1 1 1)
    (color-rgba 0.80000000000000004 0.80000000000000004 0.80000000000000004 1)
    (color-rgba 0.59999999999999998 0.59999999999999998 0.59999999999999998 1)
    (color-rgba 0.40000000000000002 0.40000000000000002 0.40000000000000002 1)
    (color-rgba 0.20000000000000001 0.20000000000000001 0.20000000000000001 1)
    (color-rgba 0 0 0 1)
    (color-rgba 0.74901960784313726 0.74901960784313726 0.74901960784313726 1)
    (color-rgba 0.49803921568627452 0.49803921568627452 0.49803921568627452 1)
    (color-rgba 0.24705882352941178 0.24705882352941178 0.24705882352941178 1)
    (color-rgba 0.035294117647058823 0.050980392156862744 0.070588235294117646 1)
    (color-rgba 0.14901960784313725 0.17254901960784313 0.22745098039215686 1)
    (color-rgba 0.25882352941176467 0.2627450980392157 0.28235294117647058 1)
    (color-rgba 0.52156862745098043 0.37254901960784315 0.37647058823529411 1)
    (color-rgba 0.23137254901960785 0.29019607843137252 0.50980392156862742 1)
    (color-rgba 0.11372549019607843 0.10588235294117647 0.12549019607843137 1)
    (color-rgba 0.56862745098039214 0.34509803921568627 0.36470588235294116 1)
    (color-rgba 0.22907433202481955 0.29043606241682401 0.50943396226415094 1)
    (color-rgba 0.027959984804356124 0.17380911308569505 0.6943396226415095 1)
    (color-rgba 0.63137254901960782 0.25098039215686274 0.28627450980392155 1)
    (color-rgba 0.036337867379188538 0.051437616348266602 0.072457201778888702 1)
    (color-rgba 0.027450980392156862 0.031372549019607843 0.039215686274509803 1)
    (color-rgba 0.070588235294117646 0.10196078431372549 0.16862745098039217 1)
    (color-rgba 0.045805789530277252 0.071324430406093597 0.10903332382440567 1)
    (color-rgba 0.18431372549019609 0.18823529411764706 0.20392156862745098 1)
    (color-rgba 0.84705882352941175 0.50980392156862742 0.32941176470588235 1)
    (color-rgba 0.63921568627450975 0.043137254901960784 0.098039215686274508 1)
    (color-rgba 0.92549019607843142 0.94901960784313721 1 1)
    (color-rgba 0.14815425872802734 0.17332705855369568 0.22813186049461365 1)
    (color-rgba 0.69019607843137254 0.46666666666666667 0.015686274509803921 1)
    (color-rgba 0.58431372549019611 0.60784313725490191 0.42352941176470588 1)
    (color-rgba 0.5962264150943396 0.028010636950740811 0.028010636950740811 1)
    (color-rgba 0.59999999999999998 0.33333333333333331 0 1)
    (color-rgba 0 1 0.99607843137254903 1)
    (color-rgba 0.75686274509803919 0.75686274509803919 0.75686274509803919 1)
    (color-rgba 1 0.99607843137254903 1 1)
    (color-rgba 1 0 0 1)
    (color-rgba 0.4392156862745098 0.14117647058823529 0 1)
    (color-rgba 0 0.34901960784313724 0 1)
    (color-rgba 0 0.33333333333333331 0.47058823529411764 1)
    (color-rgba 0.35686274509803922 0.2627450980392157 0.23137254901960785 1)
    (color-rgba 0.11764705882352941 0.11764705882352941 0.11764705882352941 1)
    (color-rgba 0.19607843137254902 0.19607843137254902 0.19607843137254902 1)
    (color-rgba 0.49411764705882355 0.31764705882352939 0.23137254901960785 1)
    (color-rgba 0.41568627450980389 0.81960784313725488 1 1)
    (color-rgba 1 0.94901960784313721 0 1)
    (color-rgba 1 0.79607843137254897 0.6588235294117647 1)
    (color-rgba 0.16862745098039217 0.16862745098039217 0.16862745098039217 1)
    (color-rgba 0.11372549019607843 0.11372549019607843 0.11372549019607843 1)
    (color-rgba 0.37647058823529411 0.23137254901960785 0.16078431372549018 1)
    (color-rgba 0.93333333333333335 0.1803921568627451 0.13725490196078433 1)
    (color-rgba 1 1 1 1.8958066257863148e+143)
    (color-rgba 0.41176474094390869 0.76470595598220825 0.87058830261230469 1)
    (color-rgba 0.90566037735849059 0.036469545396986248 0.72526228015893324 1)
    (color-rgba 0.73333334922790527 0.61568629741668701 0.51372551918029785 1)
    (color-rgba 0.46666669845581055 0.35294118523597717 0.20000001788139343 1)
    (color-rgba 0.42352944612503052 0.32156863808631897 0.16078431904315948 1)
    (color-rgba 0.41960787773132324 0.31764706969261169 0.16078431904315948 1)
    (color-rgba 0.97254908084869385 0.97254908084869385 0.9490196704864502 1)
    (color-rgba 0.61568629741668701 0.89411771297454834 0.98431378602981567 1)
    (color-rgba 0.70588237047195435 0.91764712333679199 0.98823535442352295 1)
    (color-rgba 0.12339998616204249 0.44845360824742264 0.25744271691890042 1))

# end of colorrc
